
 Calculando Iniciales fEval y fitness 

0)   -1.8234  2.9603  12.0881  0.0764051 0
1)   0.722021  -3.78823  14.872  0.063004 0
2)   3.07141  2.04269  13.6062  0.0684643 0
3)   -1.47398  4.55795  22.9475  0.041758 0
4)   -2.00522  3.2253  14.4235  0.0648361 0
5)   1.69945  3.62008  15.9931  0.0588476 0
############# Iteracion0################

 Calculando Candidatas fEval y fitness 

0)   0.417271  6.95275e-310  0.174115  0.851705 0
1)   0.417271  2.90673  8.6232  0.103916 0
2)   3.91294  2.90673  23.7602  0.0403874 1
3)   -1.4764  2.90673  10.6288  0.0859932 0
4)   -0.282393  2.90673  8.52883  0.104945 0
5)   -0.282393  5.73486  32.9684  0.0294391 1

 Mejores Soluciones 

0)   0.417271  6.95275e-310  0.174115  0.851705 0
1)   0.417271  2.90673  8.6232  0.103916 0
2)   3.07141  2.04269  13.6062  0.0684643 1
3)   -1.4764  2.90673  10.6288  0.0859932 0
4)   -0.282393  2.90673  8.52883  0.104945 0
5)   1.69945  3.62008  15.9931  0.0588476 1
############# Iteracion0################

 Mejores Soluciones con Probabilidad 

0)   0.417271  6.95275e-310  0.174115  0.851705  Prob: 0.668596 cont: 0
1)   0.417271  2.90673  8.6232  0.103916  Prob: 0.0815747 cont: 0
2)   3.07141  2.04269  13.6062  0.0684643  Prob: 0.0537451 cont: 1
3)   -1.4764  2.90673  10.6288  0.0859932  Prob: 0.0675055 cont: 0
4)   -0.282393  2.90673  8.52883  0.104945  Prob: 0.0823825 cont: 0
5)   1.69945  3.62008  15.9931  0.0588476  Prob: 0.0461959 cont: 1

imprimiendo primera opcion 

0.417271  1.27341e-313  0.174115  0.851705 0

Nuevos Mejores 

0)   0.417271  1.27341e-313  0.174115  0.851705 0
1)   0.417271  6.95275e-310  0.174115  0.851705 0
2)   -0.282393  2.90673  8.52883  0.104945 0
3)   0.417271  2.90673  8.6232  0.103916 0
4)   -1.4764  2.90673  10.6288  0.0859932 0
5)   3.07141  2.04269  13.6062  0.0684643 1
el mejor acumulado

0.417271  1.27341e-313  0.174115  0.851705 0
############# Iteracion1################

 Mejores Soluciones con Probabilidad 

0)   0.417271  1.27341e-313  0.174115  0.851705  Prob: 0.412103 cont: 0
1)   0.417271  6.95275e-310  0.174115  0.851705  Prob: 0.412103 cont: 0
2)   -0.282393  2.90673  8.52883  0.104945  Prob: 0.0507782 cont: 0
3)   0.417271  2.90673  8.6232  0.103916  Prob: 0.0502802 cont: 0
4)   -1.4764  2.90673  10.6288  0.0859932  Prob: 0.0416084 cont: 0
5)   3.07141  2.04269  13.6062  0.0684643  Prob: 0.0331269 cont: 1

imprimiendo primera opcion 

0.417271  1.27341e-313  0.174115  0.851705 0

Nuevos Mejores 

0)   0.417271  1.27341e-313  0.174115  0.851705 0
1)   0.417271  6.95275e-310  0.174115  0.851705 0
2)   0.417271  1.27341e-313  0.174115  0.851705 0
3)   -0.282393  2.90673  8.52883  0.104945 0
4)   0.417271  2.90673  8.6232  0.103916 0
5)   -1.4764  2.90673  10.6288  0.0859932 0
el mejor acumulado

0.417271  1.27341e-313  0.174115  0.851705 0
############# Iteracion2################

 Mejores Soluciones con Probabilidad 

0)   0.417271  1.27341e-313  0.174115  0.851705  Prob: 0.298847 cont: 0
1)   0.417271  6.95275e-310  0.174115  0.851705  Prob: 0.298847 cont: 0
2)   0.417271  1.27341e-313  0.174115  0.851705  Prob: 0.298847 cont: 0
3)   -0.282393  2.90673  8.52883  0.104945  Prob: 0.0368231 cont: 0
4)   0.417271  2.90673  8.6232  0.103916  Prob: 0.036462 cont: 0
5)   -1.4764  2.90673  10.6288  0.0859932  Prob: 0.0301734 cont: 0

imprimiendo primera opcion 

6.95275e-310  1.27341e-313  0  1 0

Nuevos Mejores 

0)   6.95275e-310  1.27341e-313  0  1 0
1)   0.417271  1.27341e-313  0.174115  0.851705 0
2)   0.417271  6.95275e-310  0.174115  0.851705 0
3)   0.417271  1.27341e-313  0.174115  0.851705 0
4)   -0.282393  2.90673  8.52883  0.104945 0
5)   0.417271  2.90673  8.6232  0.103916 0
el mejor acumulado

6.95275e-310  1.27341e-313  0  1 0
############# Iteracion1################

 Calculando Candidatas fEval y fitness 

0)   1.30959e-316  2.45401  6.02216  0.142406 0
1)   0.236145  2.45401  6.07792  0.141284 0
2)   0.236145  6.97444  48.6986  0.0201213 1
3)   0.236145  -2.00146  4.06159  0.197566 0
4)   -2.09605  -2.00146  8.39927  0.106391 0
5)   -2.09605  5.3769  33.3045  0.0291507 1

 Mejores Soluciones 

0)   1.30959e-316  2.45401  6.02216  0.142406 0
1)   0.236145  2.45401  6.07792  0.141284 0
2)   0.236145  -2.00146  4.06159  0.197566 0
3)   -2.09605  -2.00146  8.39927  0.106391 0
############# Iteracion0################

 Mejores Soluciones con Probabilidad 

0)   1.30959e-316  2.45401  6.02216  0.142406  Prob: 0.242333 cont: 0
1)   0.236145  2.45401  6.07792  0.141284  Prob: 0.240423 cont: 0
2)   0.236145  -2.00146  4.06159  0.197566  Prob: 0.336198 cont: 0
3)   -2.09605  -2.00146  8.39927  0.106391  Prob: 0.181046 cont: 0

imprimiendo primera opcion 

-3.35603  8.49006e-314  11.263  0.0815464 0

Nuevos Mejores 

0)   0.236145  -2.00146  4.06159  0.197566 0
1)   1.30959e-316  2.45401  6.02216  0.142406 0
2)   0.236145  2.45401  6.07792  0.141284 0
3)   -2.09605  -2.00146  8.39927  0.106391 0
el mejor acumulado

1.30959e-316  1.3096e-316  1.3096e-316  1 0
############# Iteracion1################

 Mejores Soluciones con Probabilidad 

0)   0.236145  -2.00146  4.06159  0.197566  Prob: 0.336198 cont: 0
1)   1.30959e-316  2.45401  6.02216  0.142406  Prob: 0.242333 cont: 0
2)   0.236145  2.45401  6.07792  0.141284  Prob: 0.240423 cont: 0
3)   -2.09605  -2.00146  8.39927  0.106391  Prob: 0.181046 cont: 0

imprimiendo primera opcion 

6.95275e-310  -1.3374  1.78863  0.358599 0

Nuevos Mejores 

0)   6.95275e-310  -1.3374  1.78863  0.358599 0
1)   0.236145  -2.00146  4.06159  0.197566 0
2)   1.30959e-316  2.45401  6.02216  0.142406 0
3)   0.236145  2.45401  6.07792  0.141284 0
el mejor acumulado

1.30959e-316  1.3096e-316  1.3096e-316  1 0
############# Iteracion2################

 Mejores Soluciones con Probabilidad 

0)   6.95275e-310  -1.3374  1.78863  0.358599  Prob: 0.426977 cont: 0
1)   0.236145  -2.00146  4.06159  0.197566  Prob: 0.235238 cont: 0
2)   1.30959e-316  2.45401  6.02216  0.142406  Prob: 0.16956 cont: 0
3)   0.236145  2.45401  6.07792  0.141284  Prob: 0.168224 cont: 0

imprimiendo primera opcion 

6.95275e-310  3.09878  9.60245  0.0943179 0

Nuevos Mejores 

0)   6.95275e-310  -1.3374  1.78863  0.358599 0
1)   0.236145  -2.00146  4.06159  0.197566 0
2)   1.30959e-316  2.45401  6.02216  0.142406 0
3)   0.236145  2.45401  6.07792  0.141284 0
el mejor acumulado

1.30959e-316  1.3096e-316  1.3096e-316  1 0
############# Iteracion2################

 Calculando Candidatas fEval y fitness 

0)   1.30959e-316  5.51192  30.3813  0.0318661 1
1)   -1.39927  5.51192  32.3393  0.0299947 1
2)   -1.39927  4.89066  25.8765  0.0372073 1
3)   -1.03419  4.89066  24.9881  0.0384792 1
4)   -1.20104  4.89066  25.361  0.0379348 1
5)   2.58872  4.89066  30.62  0.0316255 1

 Mejores Soluciones 

0)   -1.8234  2.9603  12.0881  0.0764051 1
1)   0.722021  -3.78823  14.872  0.063004 1
2)   -1.47398  4.55795  22.9475  0.041758 1
3)   -2.00522  3.2253  14.4235  0.0648361 1
############# Iteracion0################

 Mejores Soluciones con Probabilidad 

0)   -1.8234  2.9603  12.0881  0.0764051  Prob: 0.310586 cont: 1
1)   0.722021  -3.78823  14.872  0.063004  Prob: 0.256111 cont: 1
2)   -1.47398  4.55795  22.9475  0.041758  Prob: 0.169746 cont: 1
3)   -2.00522  3.2253  14.4235  0.0648361  Prob: 0.263558 cont: 1

imprimiendo primera opcion 

6.95275e-310  -0.140203  0.0196568  0.980722 0

Nuevos Mejores 

0)   6.95275e-310  -0.140203  0.0196568  0.980722 0
1)   -1.8234  2.9603  12.0881  0.0764051 1
2)   -2.00522  3.2253  14.4235  0.0648361 0
3)   0.722021  -3.78823  14.872  0.063004 1
el mejor acumulado

1.30959e-316  1.3096e-316  1.3096e-316  1 0
############# Iteracion1################

 Mejores Soluciones con Probabilidad 

0)   6.95275e-310  -0.140203  0.0196568  0.980722  Prob: 0.827636 cont: 0
1)   -1.8234  2.9603  12.0881  0.0764051  Prob: 0.0644786 cont: 1
2)   -2.00522  3.2253  14.4235  0.0648361  Prob: 0.0547155 cont: 0
3)   0.722021  -3.78823  14.872  0.063004  Prob: 0.0531694 cont: 1

imprimiendo primera opcion 

-0.725133  8.49006e-314  0.525817  0.655386 0

Nuevos Mejores 

0)   6.95275e-310  -0.140203  0.0196568  0.980722 0
1)   -0.725133  8.49006e-314  0.525817  0.655386 1
2)   -1.8234  2.9603  12.0881  0.0764051 1
3)   -2.00522  3.2253  14.4235  0.0648361 0
el mejor acumulado

1.30959e-316  1.3096e-316  1.3096e-316  1 0
############# Iteracion2################

 Mejores Soluciones con Probabilidad 

0)   6.95275e-310  -0.140203  0.0196568  0.980722  Prob: 0.551789 cont: 0
1)   -0.725133  8.49006e-314  0.525817  0.655386  Prob: 0.368744 cont: 1
2)   -1.8234  2.9603  12.0881  0.0764051  Prob: 0.0429882 cont: 1
3)   -2.00522  3.2253  14.4235  0.0648361  Prob: 0.0364791 cont: 0

imprimiendo primera opcion 

-0.461334  8.49006e-314  0.212829  0.824519 0

Nuevos Mejores 

0)   6.95275e-310  -0.140203  0.0196568  0.980722 0
1)   -0.461334  8.49006e-314  0.212829  0.824519 0
2)   -0.725133  8.49006e-314  0.525817  0.655386 0
3)   -1.8234  2.9603  12.0881  0.0764051 1
el mejor acumulado

1.30959e-316  1.3096e-316  1.3096e-316  1 0
############# Iteracion3################

 Calculando Candidatas fEval y fitness 

0)   0.60134  6.95275e-310  0.361609  0.734425 0
1)   0.60134  -2.89694  8.75388  0.102523 0
2)   0.60134  5.26295  28.0602  0.0344113 1
3)   0.60134  5.72023  33.0827  0.0293404 1
4)   0.60134  3.36336  11.6738  0.0789029 0
5)   1.91003  3.36336  14.9604  0.062655 0

 Mejores Soluciones 

0)   0.60134  6.95275e-310  0.361609  0.734425 0
1)   0.60134  -2.89694  8.75388  0.102523 0
2)   0.60134  3.36336  11.6738  0.0789029 0
3)   1.91003  3.36336  14.9604  0.062655 0
############# Iteracion0################

 Mejores Soluciones con Probabilidad 

0)   0.60134  6.95275e-310  0.361609  0.734425  Prob: 0.750557 cont: 0
1)   0.60134  -2.89694  8.75388  0.102523  Prob: 0.104775 cont: 0
2)   0.60134  3.36336  11.6738  0.0789029  Prob: 0.0806361 cont: 0
3)   1.91003  3.36336  14.9604  0.062655  Prob: 0.0640312 cont: 0

imprimiendo primera opcion 

0.60134  8.49006e-314  0.361609  0.734425 0

Nuevos Mejores 

0)   0.60134  8.49006e-314  0.361609  0.734425 0
1)   0.60134  6.95275e-310  0.361609  0.734425 0
2)   0.60134  -2.89694  8.75388  0.102523 0
3)   0.60134  3.36336  11.6738  0.0789029 0
el mejor acumulado

1.30959e-316  1.3096e-316  1.3096e-316  1 0
############# Iteracion1################

 Mejores Soluciones con Probabilidad 

0)   0.60134  8.49006e-314  0.361609  0.734425  Prob: 0.445032 cont: 0
1)   0.60134  6.95275e-310  0.361609  0.734425  Prob: 0.445032 cont: 0
2)   0.60134  -2.89694  8.75388  0.102523  Prob: 0.0621249 cont: 0
3)   0.60134  3.36336  11.6738  0.0789029  Prob: 0.047812 cont: 0

imprimiendo primera opcion 

0.60134  8.49006e-314  0.361609  0.734425 0

Nuevos Mejores 

0)   0.60134  8.49006e-314  0.361609  0.734425 0
1)   0.60134  6.95275e-310  0.361609  0.734425 0
2)   0.60134  8.49006e-314  0.361609  0.734425 0
3)   0.60134  -2.89694  8.75388  0.102523 0
el mejor acumulado

1.30959e-316  1.3096e-316  1.3096e-316  1 0
############# Iteracion2################

 Mejores Soluciones con Probabilidad 

0)   0.60134  8.49006e-314  0.361609  0.734425  Prob: 0.318512 cont: 0
1)   0.60134  6.95275e-310  0.361609  0.734425  Prob: 0.318512 cont: 0
2)   0.60134  8.49006e-314  0.361609  0.734425  Prob: 0.318512 cont: 0
3)   0.60134  -2.89694  8.75388  0.102523  Prob: 0.0444633 cont: 0

imprimiendo primera opcion 

0.60134  8.49006e-314  0.361609  0.734425 0

Nuevos Mejores 

0)   0.60134  8.49006e-314  0.361609  0.734425 0
1)   0.60134  8.49006e-314  0.361609  0.734425 0
2)   0.60134  6.95275e-310  0.361609  0.734425 0
3)   0.60134  8.49006e-314  0.361609  0.734425 0
el mejor acumulado

1.30959e-316  1.3096e-316  1.3096e-316  1 0
############# Iteracion4################

 Calculando Candidatas fEval y fitness 

0)   1.30961e-316  3.31336  10.9784  0.0834837 0
1)   1.44506  3.31336  13.0666  0.0710904 0
2)   -0.684977  3.31336  11.4476  0.0803369 0
3)   -3.12874  3.31336  20.7674  0.0459403 0
4)   -1.84778  3.31336  14.3927  0.0649659 0
5)   -1.84778  3.68748  17.0118  0.055519 1

 Mejores Soluciones 

0)   1.30961e-316  3.31336  10.9784  0.0834837 0
1)   1.44506  3.31336  13.0666  0.0710904 0
2)   -0.684977  3.31336  11.4476  0.0803369 0
3)   -3.12874  3.31336  20.7674  0.0459403 0
4)   -1.84778  3.31336  14.3927  0.0649659 0
############# Iteracion0################

 Mejores Soluciones con Probabilidad 

0)   1.30961e-316  3.31336  10.9784  0.0834837  Prob: 0.24141 cont: 0
1)   1.44506  3.31336  13.0666  0.0710904  Prob: 0.205572 cont: 0
2)   -0.684977  3.31336  11.4476  0.0803369  Prob: 0.23231 cont: 0
3)   -3.12874  3.31336  20.7674  0.0459403  Prob: 0.132846 cont: 0
4)   -1.84778  3.31336  14.3927  0.0649659  Prob: 0.187862 cont: 0

imprimiendo primera opcion 

6.95275e-310  3.31336  10.9784  0.0834837 0

Nuevos Mejores 

0)   6.95275e-310  3.31336  10.9784  0.0834837 0
1)   1.30961e-316  3.31336  10.9784  0.0834837 0
2)   -0.684977  3.31336  11.4476  0.0803369 0
3)   1.44506  3.31336  13.0666  0.0710904 0
4)   -1.84778  3.31336  14.3927  0.0649659 0
el mejor acumulado

1.30953e-316  1.30954e-316  1.30954e-316  1 0
############# Iteracion1################

 Mejores Soluciones con Probabilidad 

0)   6.95275e-310  3.31336  10.9784  0.0834837  Prob: 0.217768 cont: 0
1)   1.30961e-316  3.31336  10.9784  0.0834837  Prob: 0.217768 cont: 0
2)   -0.684977  3.31336  11.4476  0.0803369  Prob: 0.20956 cont: 0
3)   1.44506  3.31336  13.0666  0.0710904  Prob: 0.18544 cont: 0
4)   -1.84778  3.31336  14.3927  0.0649659  Prob: 0.169464 cont: 0

imprimiendo primera opcion 

1.92782  1.06121e-313  3.7165  0.212022 0

Nuevos Mejores 

0)   1.92782  1.06121e-313  3.7165  0.212022 0
1)   1.30961e-316  3.31336  10.9784  0.0834837 0
2)   6.95275e-310  3.31336  10.9784  0.0834837 0
3)   -0.684977  3.31336  11.4476  0.0803369 0
4)   1.44506  3.31336  13.0666  0.0710904 0
el mejor acumulado

1.30953e-316  1.30954e-316  1.30954e-316  1 0
############# Iteracion2################

 Mejores Soluciones con Probabilidad 

0)   1.92782  1.06121e-313  3.7165  0.212022  Prob: 0.399727 cont: 0
1)   1.30961e-316  3.31336  10.9784  0.0834837  Prob: 0.157393 cont: 0
2)   6.95275e-310  3.31336  10.9784  0.0834837  Prob: 0.157393 cont: 0
3)   -0.684977  3.31336  11.4476  0.0803369  Prob: 0.15146 cont: 0
4)   1.44506  3.31336  13.0666  0.0710904  Prob: 0.134028 cont: 0

imprimiendo primera opcion 

8.84568e-310  1.06121e-313  0  1 0

Nuevos Mejores 

0)   8.84568e-310  1.06121e-313  0  1 0
1)   1.92782  1.06121e-313  3.7165  0.212022 0
2)   6.95275e-310  3.31336  10.9784  0.0834837 0
3)   1.30961e-316  3.31336  10.9784  0.0834837 0
4)   -0.684977  3.31336  11.4476  0.0803369 0
el mejor acumulado

1.30953e-316  1.30954e-316  1.30954e-316  1 0
############# Iteracion5################

 Calculando Candidatas fEval y fitness 

0)   1.30963e-316  -0.0339467  0.00115238  0.998849 0
1)   1.30963e-316  -8.56364  73.3359  0.0134525 1
2)   1.30963e-316  2.26949  5.15059  0.162586 0
3)   1.30963e-316  5.69631  32.4479  0.0298972 1
4)   -1.6135  5.69631  35.0513  0.0277382 1
5)   2.67168  5.69631  39.5858  0.0246392 1

 Mejores Soluciones 

0)   1.30963e-316  -0.0339467  0.00115238  0.998849 0
1)   1.30963e-316  2.26949  5.15059  0.162586 0
############# Iteracion0################

 Mejores Soluciones con Probabilidad 

0)   1.30963e-316  -0.0339467  0.00115238  0.998849  Prob: 0.860013 cont: 0
1)   1.30963e-316  2.26949  5.15059  0.162586  Prob: 0.139987 cont: 0

imprimiendo primera opcion 

1.30963e-316  4.24607e-314  0  1 0

Nuevos Mejores 

0)   1.30963e-316  4.24607e-314  0  1 0
1)   1.30963e-316  -0.0339467  0.00115238  0.998849 0
el mejor acumulado

1.30953e-316  1.30954e-316  1.30954e-316  1 0
############# Iteracion1################

 Mejores Soluciones con Probabilidad 

0)   1.30963e-316  4.24607e-314  0  1  Prob: 0.500288 cont: 0
1)   1.30963e-316  -0.0339467  0.00115238  0.998849  Prob: 0.499712 cont: 0

imprimiendo primera opcion 

6.95275e-310  1.69801  2.88323  0.257517 0

Nuevos Mejores 

0)   1.30963e-316  4.24607e-314  0  1 0
1)   1.30963e-316  -0.0339467  0.00115238  0.998849 0
el mejor acumulado

1.30953e-316  1.30954e-316  1.30954e-316  1 0
############# Iteracion2################

 Mejores Soluciones con Probabilidad 

0)   1.30963e-316  4.24607e-314  0  1  Prob: 0.500288 cont: 0
1)   1.30963e-316  -0.0339467  0.00115238  0.998849  Prob: 0.499712 cont: 0

imprimiendo primera opcion 

6.95275e-310  -0.0344674  0.001188  0.998813 0

Nuevos Mejores 

0)   1.30963e-316  4.24607e-314  0  1 0
1)   1.30963e-316  -0.0339467  0.00115238  0.998849 0
el mejor acumulado

1.30953e-316  1.30954e-316  1.30954e-316  1 0
