alfa 1
beta 1
Q0 0.7
p 0.99

 Matriz de distancia 
 
0 12 3 23 1 5 23 56 12 11 
12 0 9 18 3 41 45 5 41 27 
3 9 0 89 56 21 12 48 14 29 
23 18 89 0 87 46 75 17 50 42 
1 3 56 87 0 55 22 86 14 33 
5 41 21 46 55 0 21 76 54 81 
23 45 12 75 22 21 0 11 57 48 
56 5 48 17 86 76 11 0 63 24 
12 41 14 50 14 54 57 63 0 9 
11 27 29 42 33 81 48 24 9 0 

 Matriz de feromonas 
 
0.1 0.1 0.1 0.1 0.1 0.1 0.1 0.1 0.1 0.1 
0.1 0.1 0.1 0.1 0.1 0.1 0.1 0.1 0.1 0.1 
0.1 0.1 0.1 0.1 0.1 0.1 0.1 0.1 0.1 0.1 
0.1 0.1 0.1 0.1 0.1 0.1 0.1 0.1 0.1 0.1 
0.1 0.1 0.1 0.1 0.1 0.1 0.1 0.1 0.1 0.1 
0.1 0.1 0.1 0.1 0.1 0.1 0.1 0.1 0.1 0.1 
0.1 0.1 0.1 0.1 0.1 0.1 0.1 0.1 0.1 0.1 
0.1 0.1 0.1 0.1 0.1 0.1 0.1 0.1 0.1 0.1 
0.1 0.1 0.1 0.1 0.1 0.1 0.1 0.1 0.1 0.1 
0.1 0.1 0.1 0.1 0.1 0.1 0.1 0.1 0.1 0.1 

 Matriz de visibilidad 
 
inf 0.0833333 0.333333 0.0434783 1 0.2 0.0434783 0.0178571 0.0833333 0.0909091 
0.0833333 inf 0.111111 0.0555556 0.333333 0.0243902 0.0222222 0.2 0.0243902 0.037037 
0.333333 0.111111 inf 0.011236 0.0178571 0.047619 0.0833333 0.0208333 0.0714286 0.0344828 
0.0434783 0.0555556 0.011236 inf 0.0114943 0.0217391 0.0133333 0.0588235 0.02 0.0238095 
1 0.333333 0.0178571 0.0114943 inf 0.0181818 0.0454545 0.0116279 0.0714286 0.030303 
0.2 0.0243902 0.047619 0.0217391 0.0181818 inf 0.047619 0.0131579 0.0185185 0.0123457 
0.0434783 0.0222222 0.0833333 0.0133333 0.0454545 0.047619 inf 0.0909091 0.0175439 0.0208333 
0.0178571 0.2 0.0208333 0.0588235 0.0116279 0.0131579 0.0909091 inf 0.015873 0.0416667 
0.0833333 0.0243902 0.0714286 0.02 0.0714286 0.0185185 0.0175439 0.015873 inf 0.111111 
0.0909091 0.037037 0.0344828 0.0238095 0.030303 0.0123457 0.0208333 0.0416667 0.111111 inf 
***************** Iteracion0<<<<<<<<<<<<<

  Hormiguero  inicial
visitados - disponibles - A B C D E F G H I J fitness  0
visitados - disponibles - A B C D E F G H I J fitness  0
visitados - disponibles - A B C D E F G H I J fitness  0
visitados - disponibles - A B C D E F G H I J fitness  0
Realiza intensification
*******HORMIGA: 0
b

 sizeeee ::  9
0.00413043
0.00527778
0.00106742
0
0.00109195
0.00206522
0.00126667
0.00558824
0.0019
0.0022619
 0.00413043 0.00413043
 0.00527778 0.00413043
 0.00106742 0.00527778
 0.00109195 0.00527778
 0.00206522 0.00527778
 0.00126667 0.00527778
 0.00558824 0.00527778
 0.0019 0.00558824
 0.0022619 0.00558824
El siguiente es ... :7
b

 sizeeee ::  8
0.00169643
0.019
0.00197917
0
0.00110465
0.00125
0.00863636
0
0.00150794
0.00395833
 0.00169643 0.00169643
 0.019 0.00169643
 0.00197917 0.019
 0.00110465 0.019
 0.00125 0.019
 0.00863636 0.019
 0.00150794 0.019
 0.00395833 0.019
El siguiente es ... :1
b

 sizeeee ::  7
0.00791667
0
0.0105556
0
0.0316667
0.00231707
0.00211111
0
0.00231707
0.00351852
 0.00791667 0.00791667
 0.0105556 0.00791667
 0.0316667 0.0105556
 0.00231707 0.0316667
 0.00211111 0.0316667
 0.00231707 0.0316667
 0.00351852 0.0316667
El siguiente es ... :4
b

 sizeeee ::  6
0.095
0
0.00169643
0
0
0.00172727
0.00431818
0
0.00678571
0.00287879
 0.095 0.095
 0.00169643 0.095
 0.00172727 0.095
 0.00431818 0.095
 0.00678571 0.095
 0.00287879 0.095
El siguiente es ... :0
b

 sizeeee ::  5
0
0
0.0316667
0
0
0.019
0.00413043
0
0.00791667
0.00863636
 0.0316667 0
 0.019 0.0316667
 0.00413043 0.0316667
 0.00791667 0.0316667
 0.00863636 0.0316667
El siguiente es ... :2
b

 sizeeee ::  4
0
0
0
0
0
0.00452381
0.00791667
0
0.00678571
0.00327586
 0.00452381 0
 0.00791667 0.00452381
 0.00678571 0.00791667
 0.00327586 0.00791667
El siguiente es ... :6
b

 sizeeee ::  3
0
0
0
0
0
0.00452381
0
0
0.00166667
0.00197917
 0.00452381 0
 0.00166667 0.00452381
 0.00197917 0.00452381
El siguiente es ... :5
b

 sizeeee ::  2
0
0
0
0
0
0
0
0
0.00175926
0.00117284
 0.00175926 0
 0.00117284 0.00175926
El siguiente es ... :8
b

 sizeeee ::  1
0
0
0
0
0
0
0
0
0
0.0105556
 0.0105556 0
El siguiente es ... :9
b

 sizeeee ::  0
0
0
0
0
0
0
0
0
0
0
El siguiente es ... :0
*******HORMIGA: 1
b

 sizeeee ::  9
0.00413043
0.00527778
0.00106742
0
0.00109195
0.00206522
0.00126667
0.00558824
0.0019
0.0022619
 0.00413043 0.00413043
 0.00527778 0.00413043
 0.00106742 0.00527778
 0.00109195 0.00527778
 0.00206522 0.00527778
 0.00126667 0.00527778
 0.00558824 0.00527778
 0.0019 0.00558824
 0.0022619 0.00558824
El siguiente es ... :7
b

 sizeeee ::  8
0.00169643
0.019
0.00197917
0
0.00110465
0.00125
0.00863636
0
0.00150794
0.00395833
 0.00169643 0.00169643
 0.019 0.00169643
 0.00197917 0.019
 0.00110465 0.019
 0.00125 0.019
 0.00863636 0.019
 0.00150794 0.019
 0.00395833 0.019
El siguiente es ... :1
b

 sizeeee ::  7
0.00791667
0
0.0105556
0
0.0316667
0.00231707
0.00211111
0
0.00231707
0.00351852
 0.00791667 0.00791667
 0.0105556 0.00791667
 0.0316667 0.0105556
 0.00231707 0.0316667
 0.00211111 0.0316667
 0.00231707 0.0316667
 0.00351852 0.0316667
El siguiente es ... :4
b

 sizeeee ::  6
0.095
0
0.00169643
0
0
0.00172727
0.00431818
0
0.00678571
0.00287879
 0.095 0.095
 0.00169643 0.095
 0.00172727 0.095
 0.00431818 0.095
 0.00678571 0.095
 0.00287879 0.095
El siguiente es ... :0
b

 sizeeee ::  5
0
0
0.0316667
0
0
0.019
0.00413043
0
0.00791667
0.00863636
 0.0316667 0
 0.019 0.0316667
 0.00413043 0.0316667
 0.00791667 0.0316667
 0.00863636 0.0316667
El siguiente es ... :2
b

 sizeeee ::  4
0
0
0
0
0
0.00452381
0.00791667
0
0.00678571
0.00327586
 0.00452381 0
 0.00791667 0.00452381
 0.00678571 0.00791667
 0.00327586 0.00791667
El siguiente es ... :6
b

 sizeeee ::  3
0
0
0
0
0
0.00452381
0
0
0.00166667
0.00197917
 0.00452381 0
 0.00166667 0.00452381
 0.00197917 0.00452381
El siguiente es ... :5
b

 sizeeee ::  2
0
0
0
0
0
0
0
0
0.00175926
0.00117284
 0.00175926 0
 0.00117284 0.00175926
El siguiente es ... :8
b

 sizeeee ::  1
0
0
0
0
0
0
0
0
0
0.0105556
 0.0105556 0
El siguiente es ... :9
b

 sizeeee ::  0
0
0
0
0
0
0
0
0
0
0
El siguiente es ... :0
*******HORMIGA: 2
b

 sizeeee ::  9
0.00413043
0.00527778
0.00106742
0
0.00109195
0.00206522
0.00126667
0.00558824
0.0019
0.0022619
 0.00413043 0.00413043
 0.00527778 0.00413043
 0.00106742 0.00527778
 0.00109195 0.00527778
 0.00206522 0.00527778
 0.00126667 0.00527778
 0.00558824 0.00527778
 0.0019 0.00558824
 0.0022619 0.00558824
El siguiente es ... :7
b

 sizeeee ::  8
0.00169643
0.019
0.00197917
0
0.00110465
0.00125
0.00863636
0
0.00150794
0.00395833
 0.00169643 0.00169643
 0.019 0.00169643
 0.00197917 0.019
 0.00110465 0.019
 0.00125 0.019
 0.00863636 0.019
 0.00150794 0.019
 0.00395833 0.019
El siguiente es ... :1
b

 sizeeee ::  7
0.00791667
0
0.0105556
0
0.0316667
0.00231707
0.00211111
0
0.00231707
0.00351852
 0.00791667 0.00791667
 0.0105556 0.00791667
 0.0316667 0.0105556
 0.00231707 0.0316667
 0.00211111 0.0316667
 0.00231707 0.0316667
 0.00351852 0.0316667
El siguiente es ... :4
b

 sizeeee ::  6
0.095
0
0.00169643
0
0
0.00172727
0.00431818
0
0.00678571
0.00287879
 0.095 0.095
 0.00169643 0.095
 0.00172727 0.095
 0.00431818 0.095
 0.00678571 0.095
 0.00287879 0.095
El siguiente es ... :0
b

 sizeeee ::  5
0
0
0.0316667
0
0
0.019
0.00413043
0
0.00791667
0.00863636
 0.0316667 0
 0.019 0.0316667
 0.00413043 0.0316667
 0.00791667 0.0316667
 0.00863636 0.0316667
El siguiente es ... :2
b

 sizeeee ::  4
0
0
0
0
0
0.00452381
0.00791667
0
0.00678571
0.00327586
 0.00452381 0
 0.00791667 0.00452381
 0.00678571 0.00791667
 0.00327586 0.00791667
El siguiente es ... :6
b

 sizeeee ::  3
0
0
0
0
0
0.00452381
0
0
0.00166667
0.00197917
 0.00452381 0
 0.00166667 0.00452381
 0.00197917 0.00452381
El siguiente es ... :5
b

 sizeeee ::  2
0
0
0
0
0
0
0
0
0.00175926
0.00117284
 0.00175926 0
 0.00117284 0.00175926
El siguiente es ... :8
b

 sizeeee ::  1
0
0
0
0
0
0
0
0
0
0.0105556
 0.0105556 0
El siguiente es ... :9
b

 sizeeee ::  0
0
0
0
0
0
0
0
0
0
0
El siguiente es ... :0
*******HORMIGA: 3
b

 sizeeee ::  9
0.00413043
0.00527778
0.00106742
0
0.00109195
0.00206522
0.00126667
0.00558824
0.0019
0.0022619
 0.00413043 0.00413043
 0.00527778 0.00413043
 0.00106742 0.00527778
 0.00109195 0.00527778
 0.00206522 0.00527778
 0.00126667 0.00527778
 0.00558824 0.00527778
 0.0019 0.00558824
 0.0022619 0.00558824
El siguiente es ... :7
b

 sizeeee ::  8
0.00169643
0.019
0.00197917
0
0.00110465
0.00125
0.00863636
0
0.00150794
0.00395833
 0.00169643 0.00169643
 0.019 0.00169643
 0.00197917 0.019
 0.00110465 0.019
 0.00125 0.019
 0.00863636 0.019
 0.00150794 0.019
 0.00395833 0.019
El siguiente es ... :1
b

 sizeeee ::  7
0.00791667
0
0.0105556
0
0.0316667
0.00231707
0.00211111
0
0.00231707
0.00351852
 0.00791667 0.00791667
 0.0105556 0.00791667
 0.0316667 0.0105556
 0.00231707 0.0316667
 0.00211111 0.0316667
 0.00231707 0.0316667
 0.00351852 0.0316667
El siguiente es ... :4
b

 sizeeee ::  6
0.095
0
0.00169643
0
0
0.00172727
0.00431818
0
0.00678571
0.00287879
 0.095 0.095
 0.00169643 0.095
 0.00172727 0.095
 0.00431818 0.095
 0.00678571 0.095
 0.00287879 0.095
El siguiente es ... :0
b

 sizeeee ::  5
0
0
0.0316667
0
0
0.019
0.00413043
0
0.00791667
0.00863636
 0.0316667 0
 0.019 0.0316667
 0.00413043 0.0316667
 0.00791667 0.0316667
 0.00863636 0.0316667
El siguiente es ... :2
b

 sizeeee ::  4
0
0
0
0
0
0.00452381
0.00791667
0
0.00678571
0.00327586
 0.00452381 0
 0.00791667 0.00452381
 0.00678571 0.00791667
 0.00327586 0.00791667
El siguiente es ... :6
b

 sizeeee ::  3
0
0
0
0
0
0.00452381
0
0
0.00166667
0.00197917
 0.00452381 0
 0.00166667 0.00452381
 0.00197917 0.00452381
El siguiente es ... :5
b

 sizeeee ::  2
0
0
0
0
0
0
0
0
0.00175926
0.00117284
 0.00175926 0
 0.00117284 0.00175926
El siguiente es ... :8
b

 sizeeee ::  1
0
0
0
0
0
0
0
0
0
0.0105556
 0.0105556 0
El siguiente es ... :9
b

 sizeeee ::  0
0
0
0
0
0
0
0
0
0
0
El siguiente es ... :0

 Nuevo Hormiguero 
visitados - 3 7 1 4 0 2 6 5 8 9 disponibles - fitness  125
visitados - 3 7 1 4 0 2 6 5 8 9 disponibles - fitness  125
visitados - 3 7 1 4 0 2 6 5 8 9 disponibles - fitness  125
visitados - 3 7 1 4 0 2 6 5 8 9 disponibles - fitness  125

 Mejor Hormiga :
visitados - 3 7 1 4 0 2 6 5 8 9 disponibles - fitness  125
 
Actualizando Matriz de fermononas 

